1	18	310
2	26	315
3	42	311
4	43	278
5	43	290
6	43	311
7	43	331
8	44	278
9	44	279
10	44	331
11	49	277
12	49	278
13	50	277
14	50	278
15	50	350
16	51	350
17	51	351
18	53	330
19	55	277
20	57	340
21	58	339
22	58	340
23	59	339
24	59	340
25	65	285
26	65	287
27	66	286
28	67	287
29	67	320
30	68	320
31	70	327
32	71	327
33	71	328
34	72	348
35	73	323
36	74	323
37	76	271
38	76	273
39	77	272
40	77	336
41	78	271
42	78	273
43	78	336
44	78	352
45	79	352
46	79	353
47	82	284
48	85	288
49	85	289
50	85	292
51	85	293
52	86	288
53	86	289
54	86	292
55	86	293
56	86	294
57	86	354
58	86	356
59	86	368
60	87	355
61	87	368
62	88	297
63	88	298
64	88	354
65	88	356
66	89	269
67	89	297
68	89	298
69	89	300
70	89	302
71	89	332
72	90	300
73	90	301
74	90	302
75	90	332
76	90	358
77	90	359
78	90	371
79	90	372
80	91	300
81	91	302
82	91	358
83	91	371
84	91	372
85	92	358
86	92	359
87	94	312
88	94	314
89	94	357
90	94	359
91	94	369
92	94	370
93	94	373
94	94	375
95	95	281
96	95	312
97	95	313
98	95	314
99	95	358
100	95	370
101	95	374
102	96	281
103	96	282
104	96	312
105	96	314
106	96	357
107	96	359
108	96	361
109	96	373
110	96	375
111	97	318
112	97	319
113	97	320
114	97	361
115	97	362
116	98	318
117	98	319
118	98	320
119	99	318
120	99	319
121	99	320
122	100	318
123	100	319
124	100	320
125	100	330
126	100	364
127	100	365
128	101	364
129	101	381
130	102	330
131	105	279
132	105	281
133	105	319
134	105	320
135	106	280
136	106	319
137	106	320
138	107	279
139	107	281
140	107	328
141	107	329
142	107	330
143	108	265
144	108	266
145	108	328
146	108	330
147	108	371
148	109	265
149	109	266
150	109	328
151	109	329
152	109	330
153	109	371
154	109	372
155	110	265
156	110	266
157	110	318
158	110	374
159	111	318
160	111	319
161	111	374
162	112	333
163	112	334
164	112	335
165	112	374
166	112	376
167	112	377
168	112	378
169	113	333
170	113	335
171	113	376
172	113	378
173	114	279
174	114	326
175	114	329
176	114	333
177	114	334
178	114	335
179	114	376
180	114	377
181	114	378
182	115	279
183	115	280
184	115	317
185	115	326
186	115	329
187	115	330
188	116	265
189	116	266
190	116	312
191	116	318
192	116	339
193	116	346
194	117	265
195	117	266
196	117	308
197	117	339
198	117	340
199	117	345
200	118	308
201	118	309
202	118	344
203	118	346
204	119	277
205	119	278
206	119	303
207	119	304
208	119	350
209	119	351
210	120	277
211	120	278
212	120	303
213	120	304
214	120	348
215	120	350
216	120	351
217	121	350
218	121	351
219	121	354
220	122	277
221	123	277
222	123	363
223	124	363
224	124	364
225	125	262
226	125	294
227	125	368
228	126	262
229	126	368
230	126	369
231	126	409
232	126	410
233	127	409
234	127	410
235	128	284
236	128	285
237	128	337
238	128	338
239	128	375
240	128	376
241	129	274
242	129	284
243	129	285
244	129	337
245	129	338
246	129	375
247	130	337
248	130	338
249	130	342
250	131	262
251	131	320
252	131	381
253	131	382
254	132	261
255	132	262
256	132	320
257	132	355
258	132	381
259	132	382
260	133	308
261	133	349
262	133	350
263	133	355
264	133	356
265	133	387
266	134	261
267	134	349
268	134	350
269	135	349
270	135	350
271	136	302
272	136	303
273	136	349
274	136	350
275	137	259
276	137	299
277	137	300
278	137	302
279	137	303
280	138	291
281	138	293
282	138	299
283	138	300
284	139	287
285	139	292
286	139	299
287	139	300
288	140	287
289	140	291
290	140	293
291	142	278
292	142	281
293	142	282
294	142	283
295	143	258
296	143	259
297	143	273
298	143	278
299	143	279
300	143	281
301	143	283
302	144	258
303	144	259
304	144	267
305	144	271
306	144	273
307	144	274
308	144	281
309	144	282
310	144	283
311	144	395
312	144	397
313	145	268
314	145	396
315	146	190
316	146	191
317	146	196
318	146	205
319	146	267
320	146	269
321	146	395
322	146	397
323	146	416
324	147	190
325	147	191
326	147	205
327	147	206
328	147	218
329	147	222
330	147	416
331	147	417
332	148	218
333	148	222
334	149	244
335	149	254
336	150	244
337	150	245
338	151	446
339	152	446
340	152	447
341	156	270
342	156	271
343	157	270
344	157	271
345	157	463
346	158	270
347	158	271
348	158	463
349	159	399
350	160	356
351	160	399
352	161	356
353	161	357
354	166	410
355	167	410
356	168	59
357	168	60
358	168	73
359	168	74
360	168	446
361	169	59
362	169	60
363	169	73
364	169	74
365	169	89
366	169	91
367	169	139
368	169	162
369	169	387
370	169	446
371	169	447
372	170	90
373	170	107
374	170	108
375	170	139
376	170	147
377	170	171
378	170	253
379	170	387
380	171	89
381	171	91
382	171	107
383	171	108
384	171	121
385	171	147
386	171	171
387	171	253
388	171	254
389	172	60
390	172	61
391	172	103
392	172	107
393	172	108
394	172	114
395	172	121
396	173	60
397	173	61
398	173	72
399	173	73
400	173	99
401	173	103
402	173	114
403	173	115
404	173	266
405	173	396
406	173	423
407	174	72
408	174	73
409	174	88
410	174	90
411	174	118
412	174	396
413	175	72
414	175	73
415	175	89
416	175	118
417	175	119
418	175	125
419	175	129
420	175	130
421	176	88
422	176	90
423	176	125
424	176	126
425	176	129
426	176	130
427	176	266
428	177	56
429	177	233
430	177	253
431	177	266
432	177	365
433	177	366
434	177	367
435	178	56
436	178	74
437	178	85
438	178	233
439	178	234
440	178	253
441	178	266
442	178	365
443	178	366
444	179	74
445	179	75
446	179	85
447	179	86
448	179	140
449	179	141
450	179	181
451	180	140
452	180	141
453	180	181
454	181	60
455	181	68
456	181	70
457	181	463
458	182	60
459	182	61
460	182	69
461	182	100
462	182	102
463	182	463
464	183	68
465	183	70
466	183	84
467	183	88
468	183	89
469	183	97
470	183	101
471	183	191
472	183	192
473	184	88
474	184	89
475	184	97
476	184	100
477	184	102
478	184	110
479	184	191
480	184	192
481	184	199
482	184	200
483	185	71
484	185	73
485	185	88
486	185	89
487	185	110
488	185	118
489	185	199
490	185	200
491	185	266
492	185	446
493	186	57
494	186	71
495	186	72
496	186	73
497	186	118
498	186	122
499	186	199
500	186	200
501	186	266
502	187	57
503	187	58
504	187	71
505	187	73
506	187	122
507	187	123
508	187	127
509	187	266
510	188	127
511	189	424
512	189	425
513	190	140
514	190	141
515	190	142
516	190	229
517	190	233
518	190	234
519	190	237
520	190	424
521	190	425
522	191	140
523	191	142
524	191	229
525	191	233
526	191	234
527	191	424
528	191	425
529	191	461
530	191	462
531	192	140
532	192	141
533	192	142
534	192	429
535	192	461
536	192	462
537	193	461
538	193	462
539	194	57
540	194	59
541	195	52
542	195	53
543	195	57
544	195	58
545	195	59
546	195	225
547	195	226
548	196	52
549	196	53
550	196	57
551	196	59
552	196	225
553	196	226
554	196	250
555	196	266
556	197	70
557	197	250
558	197	439
559	198	65
560	198	70
561	198	126
562	198	207
563	198	209
564	198	439
565	199	65
566	199	66
567	199	106
568	199	113
569	199	118
570	199	119
571	199	126
572	199	208
573	200	56
574	200	82
575	200	84
576	200	95
577	200	106
578	200	118
579	200	119
580	200	207
581	200	209
582	201	56
583	201	82
584	201	83
585	201	84
586	201	95
587	201	448
588	202	82
589	202	84
590	202	448
591	204	55
592	204	57
593	204	140
594	205	56
595	205	140
596	205	141
597	206	55
598	206	57
599	206	250
600	207	222
601	207	224
602	207	250
603	208	63
604	208	64
605	208	126
606	208	222
607	208	223
608	208	224
609	209	63
610	209	64
611	209	126
612	209	222
613	209	224
614	210	52
615	211	52
616	211	53
617	211	250
618	212	79
619	212	80
620	212	87
621	212	93
622	212	94
623	212	265
624	213	79
625	213	80
626	213	87
627	213	93
628	213	94
629	213	115
630	213	265
631	213	266
632	214	52
633	214	53
634	214	54
635	214	61
636	214	79
637	214	80
638	214	115
639	214	138
640	214	139
641	215	52
642	215	54
643	215	120
644	215	138
645	215	139
646	215	202
647	215	203
648	216	52
649	216	53
650	216	54
651	216	120
652	216	121
653	216	126
654	216	202
655	216	203
656	216	249
657	216	250
658	217	249
659	217	250
660	218	61
661	218	223
662	218	224
663	218	265
664	219	51
665	219	53
666	219	223
667	219	224
668	219	265
669	219	266
670	220	52
671	221	51
672	221	53
673	223	249
674	224	51
675	224	53
676	224	63
677	224	64
678	224	265
679	225	52
680	225	63
681	225	64
682	225	265
683	226	51
684	226	53
685	227	123
686	228	62
687	228	63
688	228	114
689	228	116
690	228	123
691	228	249
692	229	62
693	229	63
694	229	115
695	229	249
696	230	51
697	230	62
698	230	63
699	230	78
700	230	93
701	230	95
702	230	109
703	230	114
704	230	116
705	230	262
706	231	51
707	231	52
708	231	78
709	231	79
710	231	94
711	231	109
712	231	110
713	231	262
714	231	263
715	232	93
716	232	95
717	235	51
718	235	59
719	235	248
720	235	250
721	236	59
722	236	60
723	236	249
724	236	262
725	236	263
726	236	426
727	236	548
728	237	121
729	237	200
730	237	248
731	237	250
732	237	262
733	237	263
734	237	426
735	237	427
736	238	48
737	238	50
738	238	121
739	238	199
740	239	49
741	239	92
742	239	93
743	239	98
744	239	99
745	239	103
746	239	198
747	239	200
748	240	48
749	240	50
750	240	58
751	240	82
752	240	92
753	240	93
754	240	98
755	240	99
756	240	103
757	240	104
758	241	58
759	241	59
760	241	82
761	241	87
762	241	88
763	241	98
764	241	99
765	242	87
766	242	88
767	243	87
768	243	88
769	244	214
770	244	565
771	245	347
772	246	347
773	246	348
774	246	435
775	247	435
776	247	436
777	251	278
778	251	280
779	251	418
780	251	576
781	252	268
782	252	269
783	252	279
784	252	418
785	252	461
786	253	46
787	253	48
788	253	268
789	253	269
790	253	278
791	253	280
792	254	47
793	254	56
794	254	57
795	254	543
796	255	46
797	255	48
798	255	56
799	255	57
800	255	94
801	255	96
802	255	120
803	255	344
804	256	56
805	256	57
806	256	95
807	256	121
808	256	344
809	257	90
810	257	94
811	257	96
812	257	108
813	257	109
814	257	122
815	258	41
816	258	42
817	258	90
818	258	91
819	258	108
820	258	109
821	258	138
822	258	139
823	258	144
824	258	415
825	258	416
826	259	41
827	259	42
828	259	55
829	259	56
830	259	139
831	259	149
832	259	415
833	259	416
834	260	55
835	260	56
836	261	55
837	261	56
838	261	395
839	261	412
840	261	413
841	261	414
842	261	416
843	262	395
844	262	396
845	262	412
846	262	414
847	262	416
848	263	412
849	263	413
850	263	414
851	263	416
852	264	52
853	264	54
854	264	120
855	264	426
856	265	41
857	265	52
858	265	53
859	265	54
860	265	120
861	265	316
862	265	426
863	265	427
864	266	52
865	266	54
866	266	285
867	266	286
868	266	291
869	266	296
870	266	315
871	266	316
872	266	322
873	266	330
874	267	260
875	267	261
876	267	270
877	267	285
878	267	286
879	267	291
880	267	306
881	267	309
882	267	313
883	267	315
884	267	316
885	267	566
886	268	260
887	268	261
888	268	270
889	268	306
890	268	309
891	268	310
892	268	313
893	268	433
894	268	434
895	268	566
896	268	607
897	268	609
898	269	133
899	269	134
900	269	433
901	269	434
902	269	601
903	269	608
904	270	54
905	270	56
906	270	74
907	270	75
908	270	133
909	270	134
910	270	354
911	270	355
912	270	358
913	270	359
914	270	363
915	270	364
916	270	368
917	270	433
918	270	434
919	270	607
920	270	609
921	271	55
922	271	74
923	271	75
924	271	354
925	271	355
926	271	358
927	271	359
928	271	360
929	271	368
930	271	371
931	271	438
932	271	574
933	271	612
934	271	617
935	271	619
936	272	40
937	272	41
938	272	54
939	272	56
940	272	438
941	272	439
942	272	574
943	272	575
944	272	618
945	273	40
946	273	41
947	273	90
948	273	103
949	273	104
950	273	374
951	273	377
952	273	617
953	273	619
954	274	40
955	274	41
956	274	78
957	274	79
958	274	84
959	274	90
960	274	103
961	274	104
962	274	257
963	274	258
964	274	377
965	274	385
966	274	386
967	274	577
968	274	580
969	275	78
970	275	79
971	275	84
972	275	85
973	275	246
974	275	377
975	275	381
976	275	385
977	275	386
978	275	390
979	275	404
980	275	405
981	275	623
982	276	78
983	276	79
984	276	132
985	276	133
986	276	139
987	276	140
988	276	144
989	276	246
990	276	247
991	276	398
992	276	399
993	276	404
994	276	405
995	276	448
996	276	449
997	276	623
998	277	132
999	277	133
1000	277	139
1001	277	140
1002	277	144
1003	277	145
1004	277	258
1005	277	448
1006	278	132
1007	278	133
1008	278	257
1009	278	258
1010	278	262
1011	278	263
1012	278	267
1013	278	268
1014	278	269
1015	278	453
1016	278	454
1017	278	626
1018	279	262
1019	279	263
1020	279	267
1021	279	269
1022	279	453
1023	279	454
1024	279	631
1025	280	267
1026	280	268
1027	280	269
1028	280	274
1029	280	458
1030	280	459
1031	281	273
1032	281	274
1033	281	418
1034	281	458
1035	281	459
1036	282	280
1037	283	280
1038	283	281
1039	283	634
1040	283	636
1041	284	289
1042	284	401
1043	284	402
1044	284	429
1045	284	430
1046	284	464
1047	284	635
1048	285	40
1049	285	297
1050	285	401
1051	285	402
1052	285	414
1053	285	416
1054	285	464
1055	285	634
1056	285	636
1057	286	40
1058	286	49
1059	286	50
1060	286	296
1061	286	297
1062	286	415
1063	287	49
1064	287	50
1065	287	296
1066	287	297
1067	287	414
1068	287	416
1069	287	423
1070	287	435
1071	287	436
1072	288	49
1073	288	50
1074	288	259
1075	288	261
1076	288	296
1077	288	297
1078	288	423
1079	288	424
1080	288	435
1081	288	436
1082	288	469
1083	289	162
1084	289	163
1085	289	260
1086	289	469
1087	289	639
1088	290	83
1089	290	128
1090	290	161
1091	290	162
1092	290	163
1093	290	259
1094	290	261
1095	290	562
1096	290	563
1097	290	639
1098	291	40
1099	291	76
1100	291	83
1101	291	84
1102	291	89
1103	291	107
1104	291	128
1105	291	129
1106	291	141
1107	291	142
1108	291	153
1109	291	155
1110	291	412
1111	291	413
1112	291	562
1113	291	563
1114	292	65
1115	292	76
1116	292	77
1117	292	93
1118	292	94
1119	292	95
1120	292	100
1121	292	107
1122	292	141
1123	292	142
1124	292	154
1125	292	271
1126	292	412
1127	292	413
1128	292	642
1129	292	643
1130	293	65
1131	293	93
1132	293	95
1133	293	100
1134	293	101
1135	293	153
1136	293	155
1137	293	271
1138	293	272
1139	293	412
1140	293	413
1141	293	482
1142	293	642
1143	293	643
1144	294	93
1145	294	94
1146	294	95
1147	294	568
1148	294	646
1149	295	129
1150	295	130
1151	295	161
1152	295	284
1153	295	568
1154	296	129
1155	296	130
1156	296	284
1157	296	285
1158	297	650
1159	297	651
1160	298	47
1161	298	48
1162	298	394
1163	298	650
1164	298	651
1165	299	47
1166	299	48
1167	299	295
1168	299	394
1169	299	395
1170	300	111
1171	300	113
1172	300	299
1173	300	300
1174	300	303
1175	300	350
1176	300	351
1177	300	407
1178	300	408
1179	300	579
1180	300	581
1181	301	112
1182	301	299
1183	301	300
1184	301	306
1185	301	390
1186	301	392
1187	301	407
1188	301	408
1189	301	580
1190	302	79
1191	302	91
1192	302	111
1193	302	113
1194	302	131
1195	302	137
1196	302	306
1197	302	314
1198	302	391
1199	302	579
1200	302	581
1201	303	46
1202	303	47
1203	303	79
1204	303	80
1205	303	91
1206	303	92
1207	303	131
1208	303	132
1209	303	137
1210	303	313
1211	303	318
1212	303	319
1213	303	320
1214	303	390
1215	303	392
1216	303	655
1217	303	656
1218	303	657
1219	304	46
1220	304	47
1221	304	59
1222	304	72
1223	304	74
1224	304	318
1225	304	319
1226	304	320
1227	304	655
1228	304	657
1229	305	38
1230	305	59
1231	305	60
1232	305	73
1233	305	318
1234	305	319
1235	305	320
1236	305	587
1237	305	655
1238	305	656
1239	305	657
1240	306	72
1241	306	74
1242	306	96
1243	306	124
1244	306	125
1245	306	159
1246	306	160
1247	306	374
1248	306	587
1249	306	661
1250	307	96
1251	307	124
1252	307	125
1253	307	159
1254	307	160
1255	307	259
1256	307	374
1257	307	382
1258	307	403
1259	307	441
1260	307	592
1261	307	661
1262	307	667
1263	308	20
1264	308	382
1265	308	385
1266	308	386
1267	308	403
1268	308	441
1269	308	442
1270	308	563
1271	308	667
1272	308	668
1273	309	20
1274	309	21
1275	309	176
1276	309	182
1277	309	270
1278	309	385
1279	309	386
1280	309	389
1281	309	563
1282	309	564
1283	309	597
1284	310	176
1285	310	181
1286	310	186
1287	310	188
1288	310	270
1289	310	278
1290	310	280
1291	310	318
1292	310	385
1293	310	386
1294	310	542
1295	310	597
1296	311	180
1297	311	182
1298	311	187
1299	311	191
1300	311	279
1301	311	318
1302	311	319
1303	311	670
1304	312	19
1305	312	186
1306	312	188
1307	312	191
1308	312	278
1309	312	280
1310	312	601
1311	312	602
1312	312	670
1313	312	671
1314	313	19
1315	313	20
1316	313	239
1317	313	244
1318	313	245
1319	313	289
1320	313	290
1321	313	402
1322	313	539
1323	313	541
1324	313	574
1325	313	575
1326	313	601
1327	313	602
1328	314	227
1329	314	229
1330	314	236
1331	314	239
1332	314	240
1333	314	244
1334	314	245
1335	314	289
1336	314	290
1337	314	402
1338	314	407
1339	314	540
1340	314	574
1341	314	575
1342	315	228
1343	315	233
1344	315	234
1345	315	236
1346	315	237
1347	315	298
1348	315	407
1349	315	437
1350	315	438
1351	315	539
1352	315	541
1353	315	560
1354	315	672
1355	316	227
1356	316	233
1357	316	234
1358	316	300
1359	316	303
1360	316	369
1361	316	437
1362	316	438
1363	316	544
1364	316	560
1365	316	561
1366	316	672
1367	316	673
1368	317	80
1369	317	126
1370	317	303
1371	317	304
1372	317	314
1373	317	315
1374	317	369
1375	317	370
1376	317	410
1377	317	411
1378	317	544
1379	317	546
1380	317	549
1381	317	551
1382	317	606
1383	318	35
1384	318	36
1385	318	41
1386	318	58
1387	318	80
1388	318	81
1389	318	260
1390	318	309
1391	318	314
1392	318	315
1393	318	316
1394	318	410
1395	318	411
1396	318	453
1397	318	454
1398	318	546
1399	318	550
1400	318	606
1401	318	607
1402	319	35
1403	319	36
1404	319	58
1405	319	59
1406	319	261
1407	319	309
1408	319	314
1409	319	315
1410	319	316
1411	319	435
1412	319	453
1413	319	454
1414	319	549
1415	319	551
1416	319	676
1417	320	70
1418	320	84
1419	320	85
1420	320	86
1421	320	90
1422	320	91
1423	320	109
1424	320	110
1425	320	260
1426	320	262
1427	320	315
1428	320	316
1429	320	435
1430	320	436
1431	320	506
1432	320	676
1433	320	677
1434	320	681
1435	321	19
1436	321	65
1437	321	70
1438	321	71
1439	321	84
1440	321	90
1441	321	91
1442	321	109
1443	321	110
1444	321	267
1445	321	451
1446	321	506
1447	321	610
1448	321	681
1449	322	18
1450	322	19
1451	322	65
1452	322	66
1453	322	84
1454	322	85
1455	322	86
1456	322	267
1457	322	436
1458	322	437
1459	322	451
1460	322	452
1461	322	610
1462	322	611
1463	323	277
1464	323	394
1465	324	36
1466	324	42
1467	324	129
1468	324	135
1469	324	148
1470	324	149
1471	324	242
1472	324	243
1473	324	276
1474	324	277
1475	324	394
1476	324	395
1477	324	434
1478	324	686
1479	324	688
1480	325	56
1481	325	57
1482	325	123
1483	325	124
1484	325	129
1485	325	130
1486	325	135
1487	325	136
1488	325	148
1489	325	242
1490	325	243
1491	325	275
1492	325	277
1493	325	434
1494	325	435
1495	325	448
1496	325	514
1497	325	515
1498	325	687
1499	326	56
1500	326	57
1501	326	123
1502	326	124
1503	326	284
1504	326	514
1505	326	515
1506	326	516
1507	326	569
1508	326	686
1509	326	688
1510	327	284
1511	327	285
1512	327	391
1513	327	569
1514	327	570
1515	328	289
1516	328	290
1517	328	366
1518	328	367
1519	328	434
1520	328	462
1521	328	691
1522	329	58
1523	329	59
1524	329	60
1525	329	184
1526	329	185
1527	329	290
1528	329	366
1529	329	367
1530	329	434
1531	329	447
1532	329	462
1533	329	483
1534	329	524
1535	329	619
1536	330	41
1537	330	58
1538	330	184
1539	330	185
1540	330	299
1541	330	483
1542	330	484
1543	330	524
1544	330	619
1545	330	620
1546	331	34
1547	331	41
1548	331	42
1549	331	58
1550	331	59
1551	331	60
1552	331	125
1553	331	184
1554	331	185
1555	331	299
1556	331	322
1557	331	324
1558	331	410
1559	332	84
1560	332	86
1561	332	125
1562	332	153
1563	332	154
1564	332	323
1565	332	410
1566	332	411
1567	333	85
1568	333	153
1569	333	154
1570	333	255
1571	333	309
1572	333	310
1573	333	311
1574	333	322
1575	333	323
1576	333	324
1577	333	624
1578	333	626
1579	333	694
1580	333	696
1581	334	72
1582	334	80
1583	334	84
1584	334	86
1585	334	89
1586	334	108
1587	334	169
1588	334	259
1589	334	309
1590	334	310
1591	334	311
1592	334	625
1593	334	695
1594	335	72
1595	335	76
1596	335	80
1597	335	81
1598	335	89
1599	335	93
1600	335	102
1601	335	103
1602	335	108
1603	335	138
1604	335	139
1605	335	169
1606	335	259
1607	335	309
1608	335	311
1609	335	445
1610	335	577
1611	335	624
1612	335	626
1613	335	694
1614	335	696
1615	336	76
1616	336	93
1617	336	94
1618	336	97
1619	336	102
1620	336	103
1621	336	138
1622	336	139
1623	336	445
1624	336	577
1625	337	97
1626	337	98
1627	337	118
1628	337	144
1629	337	540
1630	337	541
1631	337	542
1632	337	582
1633	337	583
1634	338	53
1635	338	540
1636	338	541
1637	338	542
1638	338	582
1639	338	583
1640	339	53
1641	339	54
1642	339	151
1643	339	269
1644	339	309
1645	339	310
1646	339	634
1647	339	635
1648	340	151
1649	340	269
1650	340	270
1651	340	309
1652	340	310
1653	340	323
1654	340	324
1655	340	474
1656	340	634
1657	340	635
1658	341	309
1659	341	310
1660	341	323
1661	341	324
1662	341	365
1663	341	366
1664	341	634
1665	341	635
1666	342	228
1667	342	229
1668	342	365
1669	342	366
1670	343	228
1671	343	229
1672	343	365
1673	343	366
1674	343	468
1675	343	470
1676	344	228
1677	344	229
1678	344	280
1679	344	281
1680	344	469
1681	345	243
1682	345	245
1683	345	280
1684	345	281
1685	345	468
1686	345	470
1687	345	649
1688	346	244
1689	346	601
1690	346	602
1691	347	243
1692	347	245
1693	347	308
1694	347	321
1695	347	322
1696	347	601
1697	347	602
1698	348	115
1699	348	116
1700	348	117
1701	348	286
1702	348	308
1703	348	309
1704	348	321
1705	348	322
1706	349	50
1707	349	51
1708	349	52
1709	349	115
1710	349	117
1711	349	286
1712	349	287
1713	349	321
1714	349	322
1715	349	366
1716	350	32
1717	350	50
1718	350	52
1719	350	93
1720	350	95
1721	350	115
1722	350	116
1723	350	117
1724	350	137
1725	350	152
1726	350	289
1727	350	366
1728	350	392
1729	350	405
1730	351	26
1731	351	28
1732	351	32
1733	351	37
1734	351	38
1735	351	50
1736	351	51
1737	351	52
1738	351	94
1739	351	130
1740	351	131
1741	351	137
1742	351	138
1743	351	152
1744	351	289
1745	351	392
1746	351	405
1747	351	406
1748	351	613
1749	352	26
1750	352	27
1751	352	28
1752	352	37
1753	352	38
1754	352	93
1755	352	95
1756	352	123
1757	352	130
1758	352	131
1759	352	262
1760	352	294
1761	352	308
1762	352	364
1763	352	617
1764	353	26
1765	353	28
1766	353	37
1767	353	38
1768	353	262
1769	353	294
1770	353	320
1771	353	364
1772	353	365
1773	353	572
1774	353	574
1775	353	659
1776	353	660
1777	353	661
1778	354	58
1779	354	59
1780	354	62
1781	354	63
1782	354	66
1783	354	67
1784	354	75
1785	354	77
1786	354	81
1787	354	89
1788	354	300
1789	354	320
1790	354	457
1791	354	459
1792	354	573
1793	354	627
1794	354	659
1795	354	660
1796	354	661
1797	355	62
1798	355	63
1799	355	66
1800	355	67
1801	355	76
1802	355	81
1803	355	85
1804	355	89
1805	355	99
1806	355	100
1807	355	101
1808	355	148
1809	355	150
1810	355	300
1811	355	320
1812	355	458
1813	355	572
1814	355	574
1815	355	627
1816	355	628
1817	355	659
1818	355	660
1819	355	661
1820	356	62
1821	356	63
1822	356	75
1823	356	77
1824	356	99
1825	356	101
1826	356	149
1827	356	457
1828	356	459
1829	356	659
1830	356	660
1831	357	99
1832	357	100
1833	357	101
1834	357	148
1835	357	150
1836	357	276
1837	357	376
1838	357	579
1839	357	659
1840	357	660
1841	358	27
1842	358	376
1843	358	377
1844	358	464
1845	358	540
1846	358	579
1847	358	580
1848	358	662
1849	358	664
1850	359	27
1851	359	28
1852	359	374
1853	359	555
1854	359	556
1855	359	662
1856	359	663
1857	359	664
1858	359	667
1859	359	668
1860	360	48
1861	360	191
1862	360	281
1863	360	317
1864	360	500
1865	360	555
1866	360	556
1867	360	584
1868	360	585
1869	360	662
1870	360	664
1871	360	667
1872	360	668
1873	361	35
1874	361	36
1875	361	48
1876	361	191
1877	361	192
1878	361	281
1879	361	325
1880	361	326
1881	361	332
1882	361	334
1883	361	336
1884	361	373
1885	361	555
1886	361	556
1887	361	584
1888	361	585
1889	362	114
1890	362	325
1891	362	326
1892	362	333
1893	362	335
1894	362	637
1895	363	114
1896	363	115
1897	363	332
1898	363	334
1899	363	336
1900	363	400
1901	363	637
1902	363	638
1903	364	69
1904	364	73
1905	364	75
1906	364	149
1907	364	340
1908	364	372
1909	364	400
1910	364	590
1911	364	591
1912	365	56
1913	365	57
1914	365	61
1915	365	69
1916	365	70
1917	365	74
1918	365	91
1919	365	340
1920	365	341
1921	365	348
1922	365	372
1923	365	482
1924	365	483
1925	365	590
1926	365	591
1927	365	664
1928	366	52
1929	366	56
1930	366	57
1931	366	61
1932	366	62
1933	366	65
1934	366	73
1935	366	75
1936	366	91
1937	366	297
1938	366	348
1939	366	354
1940	366	482
1941	366	483
1942	366	511
1943	366	512
1944	367	34
1945	367	65
1946	367	66
1947	367	113
1948	367	114
1949	367	131
1950	367	354
1951	367	511
1952	367	512
1953	367	534
1954	367	646
1955	368	34
1956	368	113
1957	368	114
1958	368	131
1959	368	132
1960	368	534
1961	368	552
1962	368	646
1963	368	647
1964	368	677
1965	368	678
1966	369	23
1967	369	25
1968	369	303
1969	369	370
1970	369	677
1971	369	678
1972	370	24
1973	370	97
1974	370	303
1975	370	370
1976	370	371
1977	370	550
1978	370	552
1979	370	601
1980	370	651
1981	371	23
1982	371	25
1983	371	97
1984	371	309
1985	371	551
1986	371	601
1987	371	651
1988	372	379
1989	372	380
1990	372	445
1991	372	550
1992	372	552
1993	372	610
1994	373	379
1995	373	380
1996	373	409
1997	373	445
1998	373	610
1999	373	656
2000	373	660
2001	373	661
2002	373	681
2003	373	682
2004	374	394
2005	374	396
2006	374	495
2007	374	548
2008	374	660
2009	374	661
2010	374	681
2011	374	682
2012	375	395
2013	375	495
2014	375	496
2015	375	548
2016	375	688
2017	376	394
2018	376	396
2019	376	618
2020	376	688
2021	376	689
2022	377	407
2023	377	618
2024	377	671
2025	377	673
2026	378	407
2027	378	508
2028	378	547
2029	378	672
2030	379	97
2031	379	109
2032	379	628
2033	379	629
2034	379	630
2035	379	671
2036	379	673
2037	380	97
2038	380	171
2039	380	183
2040	380	184
2041	380	425
2042	380	628
2043	380	630
2044	381	171
2045	381	172
2046	381	183
2047	381	184
2048	381	425
2049	381	426
2050	381	545
2051	381	546
2052	381	628
2053	381	629
2054	381	630
2055	382	118
2056	382	120
2057	382	137
2058	382	183
2059	382	184
2060	382	450
2061	382	545
2062	382	546
2063	383	51
2064	383	53
2065	383	60
2066	383	65
2067	383	66
2068	383	119
2069	383	129
2070	383	137
2071	383	138
2072	383	373
2073	383	441
2074	383	677
2075	384	52
2076	384	60
2077	384	61
2078	384	65
2079	384	66
2080	384	74
2081	384	75
2082	384	78
2083	384	84
2084	384	85
2085	384	118
2086	384	120
2087	384	129
2088	384	130
2089	384	373
2090	384	441
2091	384	442
2092	384	452
2093	384	453
2094	384	469
2095	384	471
2096	384	677
2097	385	45
2098	385	51
2099	385	53
2100	385	74
2101	385	75
2102	385	78
2103	385	79
2104	385	84
2105	385	85
2106	385	89
2107	385	95
2108	385	96
2109	385	380
2110	385	470
2111	385	611
2112	386	45
2113	386	84
2114	386	85
2115	386	89
2116	386	90
2117	386	95
2118	386	96
2119	386	380
2120	386	381
2121	386	386
2122	386	469
2123	386	471
2124	386	544
2125	386	627
2126	387	386
2127	387	387
2128	387	391
2129	387	477
2130	387	544
2131	387	627
2132	388	23
2133	388	24
2134	388	109
2135	388	143
2136	388	144
2137	388	391
2138	388	392
2139	388	477
2140	388	478
2141	388	479
2142	388	482
2143	388	483
2144	388	707
2145	389	23
2146	389	24
2147	389	109
2148	389	143
2149	389	482
2150	389	483
2151	389	488
2152	389	685
2153	389	686
2154	389	707
2155	389	708
2156	390	28
2157	390	29
2158	390	41
2159	390	43
2160	390	83
2161	390	85
2162	390	494
2163	390	653
2164	390	685
2165	390	686
2166	391	28
2167	391	29
2168	391	42
2169	391	45
2170	391	84
2171	391	414
2172	391	415
2173	391	494
2174	391	501
2175	391	502
2176	391	653
2177	392	41
2178	392	43
2179	392	46
2180	392	83
2181	392	85
2182	392	142
2183	392	144
2184	392	156
2185	392	157
2186	392	365
2187	392	414
2188	392	415
2189	392	421
2190	392	501
2191	392	502
2192	392	607
2193	392	695
2194	393	45
2195	393	47
2196	393	62
2197	393	64
2198	393	106
2199	393	143
2200	393	156
2201	393	157
2202	393	365
2203	393	386
2204	393	388
2205	393	421
2206	393	422
2207	393	514
2208	393	607
2209	393	625
2210	393	695
2211	394	24
2212	394	63
2213	394	106
2214	394	107
2215	394	142
2216	394	144
2217	394	387
2218	394	431
2219	394	433
2220	394	514
2221	394	515
2222	394	625
2223	394	664
2224	395	56
2225	395	64
2226	395	76
2227	395	77
2228	395	78
2229	395	87
2230	395	88
2231	395	329
2232	395	330
2233	395	386
2234	395	388
2235	395	431
2236	395	432
2237	395	433
2238	395	557
2239	395	559
2240	395	664
2241	396	27
2242	396	28
2243	396	76
2244	396	77
2245	396	78
2246	396	87
2247	396	88
2248	396	153
2249	396	155
2250	396	329
2251	396	330
2252	396	431
2253	396	433
2254	396	448
2255	396	558
2256	397	27
2257	397	28
2258	397	51
2259	397	52
2260	397	68
2261	397	69
2262	397	76
2263	397	78
2264	397	105
2265	397	107
2266	397	112
2267	397	113
2268	397	119
2269	397	140
2270	397	141
2271	397	142
2272	397	154
2273	397	337
2274	397	448
2275	397	449
2276	397	548
2277	397	557
2278	397	559
2279	397	673
2280	398	27
2281	398	28
2282	398	51
2283	398	52
2284	398	68
2285	398	69
2286	398	106
2287	398	112
2288	398	113
2289	398	119
2290	398	126
2291	398	127
2292	398	131
2293	398	140
2294	398	141
2295	398	142
2296	398	153
2297	398	155
2298	398	171
2299	398	568
2300	398	570
2301	398	673
2302	399	43
2303	399	44
2304	399	47
2305	399	49
2306	399	105
2307	399	107
2308	399	126
2309	399	127
2310	399	131
2311	399	132
2312	399	138
2313	399	140
2314	399	141
2315	399	142
2316	399	171
2317	399	172
2318	399	375
2319	399	569
2320	399	575
2321	400	43
2322	400	44
2323	400	47
2324	400	48
2325	400	49
2326	400	375
2327	400	376
2328	400	465
2329	400	467
2330	400	472
2331	400	562
2332	400	568
2333	400	570
2334	400	575
2335	400	576
2336	400	581
2337	400	586
2338	400	587
2339	400	712
2340	401	47
2341	401	49
2342	401	400
2343	401	466
2344	401	472
2345	401	473
2346	401	479
2347	401	581
2348	401	586
2349	401	587
2350	401	592
2351	401	593
2352	401	680
2353	401	712
2354	401	713
2355	402	400
2356	402	465
2357	402	467
2358	402	479
2359	402	480
2360	402	486
2361	402	586
2362	402	587
2363	402	592
2364	402	593
2365	402	597
2366	402	660
2367	402	680
2368	403	336
2369	403	337
2370	403	486
2371	403	597
2372	403	660
2373	403	661
2374	404	153
2375	404	336
2376	404	337
2377	404	349
2378	404	449
2379	405	349
2380	405	350
2381	405	507
2382	405	602
2383	405	604
2384	405	688
2385	406	507
2386	406	508
2387	406	603
2388	406	688
2389	407	153
2390	407	154
2391	407	462
2392	407	602
2393	407	604
2394	408	25
2395	408	45
2396	408	153
2397	408	154
2398	408	331
2399	408	462
2400	408	463
2401	408	519
2402	408	618
2403	408	619
2404	409	45
2405	409	58
2406	409	153
2407	409	154
2408	409	332
2409	409	618
2410	409	619
2411	410	67
2412	410	73
2413	410	74
2414	410	140
2415	410	141
2416	410	331
2417	410	333
2418	410	533
2419	410	618
2420	410	619
2421	410	624
2422	410	626
2423	410	632
2424	410	692
2425	410	693
2426	411	42
2427	411	67
2428	411	73
2429	411	74
2430	411	86
2431	411	140
2432	411	141
2433	411	445
2434	411	534
2435	411	542
2436	411	625
2437	411	632
2438	411	633
2439	411	692
2440	411	693
2441	412	79
2442	412	81
2443	412	86
2444	412	140
2445	412	141
2446	412	151
2447	412	152
2448	412	153
2449	412	445
2450	412	446
2451	412	459
2452	412	460
2453	412	461
2454	412	533
2455	412	535
2456	412	542
2457	412	624
2458	412	626
2459	413	62
2460	413	63
2461	413	80
2462	413	151
2463	413	153
2464	413	355
2465	413	445
2466	413	446
2467	413	461
2468	413	554
2469	413	556
2470	413	698
2471	414	79
2472	414	81
2473	414	104
2474	414	117
2475	414	119
2476	414	151
2477	414	152
2478	414	153
2479	414	355
2480	414	460
2481	414	461
2482	414	555
2483	414	705
2484	414	707
2485	415	104
2486	415	105
2487	415	118
2488	415	132
2489	415	133
2490	415	554
2491	415	556
2492	415	561
2493	415	576
2494	415	578
2495	415	654
2496	415	655
2497	415	706
2498	415	787
2499	416	117
2500	416	119
2501	416	132
2502	416	133
2503	416	346
2504	416	407
2505	416	530
2506	416	561
2507	416	576
2508	416	577
2509	416	578
2510	416	654
2511	416	655
2512	416	705
2513	416	707
2514	417	346
2515	417	407
2516	417	457
2517	417	530
2518	417	576
2519	417	578
2520	417	581
2521	417	582
2522	417	654
2523	417	655
2524	417	675
2525	417	676
2526	417	713
2527	417	715
2528	418	72
2529	418	308
2530	418	367
2531	418	457
2532	418	588
2533	418	590
2534	418	675
2535	418	676
2536	418	709
2537	418	710
2538	418	714
2539	419	72
2540	419	73
2541	419	308
2542	419	367
2543	419	368
2544	419	442
2545	419	526
2546	419	528
2547	419	589
2548	419	590
2549	419	596
2550	419	597
2551	419	709
2552	419	710
2553	419	713
2554	419	715
2555	420	88
2556	420	89
2557	420	110
2558	420	111
2559	420	138
2560	420	308
2561	420	527
2562	420	588
2563	420	590
2564	420	596
2565	420	597
2566	420	720
2567	421	88
2568	421	89
2569	421	110
2570	421	111
2571	421	138
2572	421	139
2573	421	325
2574	421	526
2575	421	528
2576	422	88
2577	422	89
2578	422	110
2579	422	111
2580	422	150
2581	422	325
2582	422	326
2583	423	122
2584	423	150
2585	423	151
2586	423	305
2587	423	306
2588	423	375
2589	423	614
2590	423	615
2591	424	122
2592	424	123
2593	424	305
2594	424	306
2595	424	375
2596	424	376
2597	424	381
2598	424	382
2599	424	454
2600	424	614
2601	424	615
2602	424	715
2603	425	342
2604	425	344
2605	425	381
2606	425	382
2607	425	454
2608	425	455
2609	425	525
2610	425	612
2611	425	618
2612	425	709
2613	426	128
2614	426	134
2615	426	135
2616	426	343
2617	426	439
2618	426	525
2619	426	709
2620	427	134
2621	427	135
2622	427	342
2623	427	344
2624	427	439
2625	427	611
2626	427	612
2627	427	613
2628	427	614
2629	428	134
2630	428	135
2631	428	611
2632	428	612
2633	428	613
2634	429	321
2635	429	611
2636	429	612
2637	429	613
2638	429	621
2639	429	622
2640	429	626
2641	429	627
2642	429	628
2643	430	321
2644	430	322
2645	430	591
2646	430	621
2647	430	622
2648	430	626
2649	430	627
2650	430	628
2651	431	334
2652	431	339
2653	431	372
2654	431	451
2655	431	610
2656	431	626
2657	431	627
2658	431	628
2659	431	634
2660	431	635
2661	432	136
2662	432	319
2663	432	339
2664	432	372
2665	432	451
2666	432	610
2667	432	634
2668	432	635
2669	432	646
2670	432	647
2671	433	319
2672	433	320
2673	433	634
2674	433	635
2675	433	646
2676	433	647
2677	433	651
2678	434	608
2679	434	651
2680	434	652
2681	434	657
2682	434	662
2683	434	686
2684	434	688
2685	435	344
2686	435	608
2687	435	609
2688	435	657
2689	435	658
2690	435	663
2691	435	686
2692	435	687
2693	435	688
2694	436	344
2695	436	666
2696	436	686
2697	436	688
2698	437	606
2699	437	608
2700	437	666
2701	438	415
2702	438	416
2703	438	607
2704	439	525
2705	439	526
2706	439	587
2707	439	608
2708	440	392
2709	440	448
2710	440	525
2711	440	526
2712	440	587
2713	441	353
2714	441	369
2715	441	392
2716	441	448
2717	441	449
2718	441	530
2719	441	606
2720	441	607
2721	442	369
2722	442	530
2723	442	541
2724	442	606
2725	442	607
2726	443	419
2727	443	420
2728	443	421
2729	443	535
2730	443	536
2731	443	541
2732	443	546
2733	443	548
2734	443	606
2735	443	607
2736	444	419
2737	444	421
2738	444	454
2739	444	535
2740	444	536
2741	444	546
2742	444	547
2743	444	548
2744	444	554
2745	444	555
2746	444	584
2747	445	419
2748	445	420
2749	445	421
2750	445	454
2751	445	455
2752	445	535
2753	445	536
2754	445	546
2755	445	548
2756	445	554
2757	445	555
2758	445	604
2759	445	605
2760	446	604
2761	446	605
2762	447	604
2763	447	605
2764	447	683
2765	448	361
2766	448	517
2767	448	518
2768	448	601
2769	448	683
2770	449	361
2771	449	362
2772	449	463
2773	449	517
2774	449	518
2775	449	568
2776	449	601
2777	450	365
2778	450	517
2779	450	518
2780	451	365
2781	451	521
2782	451	582
2783	451	600
2784	451	601
2785	451	624
2786	451	625
2787	452	304
2788	452	306
2789	452	429
2790	452	430
2791	452	521
2792	452	522
2793	452	525
2794	452	582
2795	452	600
2796	452	601
2797	452	624
2798	452	625
2799	452	638
2800	453	288
2801	453	289
2802	453	305
2803	453	429
2804	453	430
2805	453	574
2806	453	600
2807	453	601
2808	453	638
2809	454	288
2810	454	289
2811	454	304
2812	454	306
2813	454	531
2814	454	533
2815	454	535
2816	454	574
2817	454	617
2818	454	618
2819	454	641
2820	454	642
2821	455	440
2822	455	531
2823	455	534
2824	455	597
2825	455	599
2826	455	617
2827	455	618
2828	455	641
2829	455	642
2830	456	322
2831	456	323
2832	456	344
2833	456	345
2834	456	533
2835	456	535
2836	456	598
2837	456	617
2838	456	618
2839	457	322
2840	457	323
2841	457	344
2842	457	345
2843	457	350
2844	457	597
2845	457	599
2846	457	649
2847	458	322
2848	458	323
2849	458	344
2850	458	345
2851	458	423
2852	458	425
2853	458	445
2854	458	446
2855	458	511
2856	458	512
2857	458	577
2858	458	579
2859	458	649
2860	459	299
2861	459	424
2862	459	445
2863	459	446
2864	459	511
2865	459	512
2866	459	539
2867	459	578
2868	459	595
2869	459	597
2870	459	614
2871	459	616
2872	459	659
2873	459	660
2874	460	299
2875	460	423
2876	460	425
2877	460	539
2878	460	577
2879	460	579
2880	460	596
2881	460	615
2882	460	659
2883	460	660
2884	461	354
2885	461	385
2886	461	514
2887	461	516
2888	461	517
2889	461	595
2890	461	597
2891	461	614
2892	461	616
2893	461	678
2894	462	354
2895	462	355
2896	462	385
2897	462	386
2898	462	516
2899	462	517
2900	462	523
2901	462	525
2902	462	678
2903	463	359
2904	463	360
2905	463	520
2906	463	521
2907	463	524
2908	464	316
2909	464	359
2910	464	360
2911	464	420
2912	464	422
2913	464	520
2914	464	521
2915	464	523
2916	464	525
2917	464	594
2918	464	613
2919	464	614
2920	465	359
2921	465	360
2922	465	421
2923	465	594
2924	465	613
2925	465	614
2926	466	420
2927	466	422
2928	468	569
2929	469	315
2930	469	316
2931	470	315
2932	470	316
2933	471	537
2934	471	590
2935	471	592
2936	472	590
2937	472	592
2938	473	577
2939	473	590
2940	473	592
2941	473	652
2942	474	312
2943	475	312
2944	475	315
2945	475	472
2946	476	315
2947	476	316
2948	476	335
2949	477	329
2950	477	335
2951	477	417
2952	477	418
2953	478	335
2954	478	336
2955	478	385
2956	478	386
2957	478	417
2958	478	418
2959	478	478
2960	479	335
2961	479	336
2962	479	385
2963	479	386
2964	479	417
2965	479	418
2966	479	478
2967	479	484
2968	479	486
2969	480	485
2970	481	484
2971	481	486
2972	482	524
2973	483	524
2974	484	335
2975	484	651
2976	485	335
2977	485	336
2978	485	495
2979	485	496
2980	486	495
2981	486	529
2982	487	380
2983	487	495
2984	487	496
2985	487	529
2986	487	530
2987	488	380
2988	488	381
2989	488	534
2990	488	583
2991	489	534
2992	489	581
2993	489	583
2994	490	581
2995	490	582
2996	490	583
2997	491	387
2998	491	581
2999	491	583
3000	492	387
3001	492	388
3002	492	404
3003	492	406
3004	492	542
3005	492	543
3006	492	552
3007	492	553
3008	493	405
3009	493	408
3010	493	410
3011	493	542
3012	493	543
3013	493	552
3014	493	553
3015	493	581
3016	494	404
3017	494	406
3018	494	581
3019	494	582
3020	495	408
3021	495	410
3022	495	549
3023	495	550
3024	495	557
3025	495	558
3026	495	579
3027	496	549
3028	496	550
3029	496	557
3030	496	558
3031	496	579
3032	497	549
3033	497	550
3034	497	584
3035	497	586
3036	498	549
3037	498	550
3038	498	564
3039	498	584
3040	498	585
3041	498	586
3042	499	563
3043	499	564
3044	499	584
3045	499	586
3046	500	489
3047	500	491
3048	500	590
3049	501	490
3050	501	511
3051	501	515
3052	501	517
3053	501	557
3054	501	564
3055	501	590
3056	501	591
3057	502	489
3058	502	491
3059	502	511
3060	502	512
3061	502	516
3062	502	557
3063	502	558
3064	502	564
3065	502	595
3066	503	515
3067	503	517
3068	503	595
3069	504	562
3070	504	563
3071	505	562
3072	505	563
3073	505	575
3074	506	575
3075	506	576
3076	507	439
3077	507	489
3078	507	572
3079	507	579
3080	507	600
3081	507	601
3082	508	439
3083	508	440
3084	508	489
3085	508	490
3086	508	572
3087	508	583
3088	508	584
3089	508	600
3090	508	601
3091	509	583
3092	509	584
3093	510	541
3094	510	542
3095	510	573
3096	510	576
3097	510	578
3098	511	541
3099	511	542
3100	511	573
3101	511	576
3102	511	577
3103	511	578
3104	511	587
3105	512	576
3106	512	578
3107	512	587
3108	514	488
3109	514	581
3110	514	591
3111	514	592
3112	515	488
3113	515	489
3114	515	509
3115	515	510
3116	515	514
3117	515	515
3118	515	581
3119	515	591
3120	515	592
3121	516	500
3122	516	509
3123	516	510
3124	516	514
3125	516	515
3126	516	551
3127	516	556
3128	516	586
3129	516	588
3130	516	597
3131	517	500
3132	517	501
3133	517	551
3134	517	552
3135	517	556
3136	517	557
3137	517	586
3138	517	587
3139	517	588
3140	517	597
3141	518	586
3142	518	588
3143	519	519
3144	519	528
3145	519	529
3146	520	519
3147	520	529
3148	520	593
3149	520	595
3150	521	594
3151	522	565
3152	522	566
3153	522	593
3154	522	595
3155	523	539
3156	523	565
3157	523	566
3158	524	284
3159	524	539
3160	524	540
3161	526	562
3162	526	564
3163	527	273
3164	527	563
3165	527	569
3166	528	273
3167	528	274
3168	528	562
3169	528	564
3170	528	569
3171	528	570
3172	528	576
3173	529	576
3174	530	309
3175	530	583
3176	530	584
3177	530	585
3178	531	309
3179	531	310
3180	531	317
3181	531	583
3182	531	585
3183	532	272
3184	532	317
3185	532	583
3186	532	584
3187	532	585
3188	533	272
3189	533	273
3190	533	325
3191	534	284
3192	534	325
3193	534	326
3194	537	297
3195	537	298
3196	538	297
3197	538	298
3198	539	270
3199	539	272
3200	539	364
3201	539	366
3202	540	270
3203	540	271
3204	540	272
3205	540	360
3206	540	361
3207	540	365
3208	541	270
3209	541	272
3210	541	322
3211	541	360
3212	541	361
3213	541	364
3214	541	366
3215	542	322
3216	542	323
3217	544	296
3218	544	298
3219	545	270
3220	545	271
3221	545	297
3222	545	335
3223	545	336
3224	545	398
3225	546	270
3226	546	271
3227	546	296
3228	546	298
3229	546	307
3230	546	309
3231	546	335
3232	546	336
3233	547	255
3234	547	270
3235	547	271
3236	547	308
3237	547	346
3238	547	414
3239	548	255
3240	548	261
3241	548	307
3242	548	309
3243	548	346
3244	548	417
3245	549	359
3246	549	417
3247	549	420
3248	549	421
3249	549	424
3250	550	270
3251	550	321
3252	550	322
3253	550	334
3254	550	359
3255	550	420
3256	550	421
3257	550	424
3258	551	270
3259	551	284
3260	551	292
3261	551	293
3262	551	321
3263	551	322
3264	551	346
3265	552	292
3266	552	293
3267	552	373
3268	552	375
3269	553	288
3270	553	292
3271	553	293
3272	553	374
3273	553	435
3274	554	288
3275	554	289
3276	554	296
3277	554	373
3278	554	375
3279	555	296
3280	555	297
3281	555	304
3282	555	308
3283	555	345
3284	555	346
3285	556	308
3286	556	345
3287	556	346
3288	556	358
3289	556	399
3290	556	452
3291	557	316
3292	557	317
3293	557	345
3294	557	346
3295	557	358
3296	557	399
3297	557	400
3298	557	452
3299	558	252
3300	558	316
3301	558	317
3302	558	383
3303	559	252
3304	559	253
3305	559	316
3306	559	317
3307	559	383
3308	559	384
3309	559	395
3310	559	396
3311	559	409
3312	560	260
3313	560	261
3314	560	334
3315	560	335
3316	560	395
3317	560	396
3318	560	399
3319	560	401
3320	561	260
3321	561	261
3322	561	264
3323	561	334
3324	561	335
3325	561	356
3326	561	395
3327	561	396
3328	561	400
3329	562	264
3330	562	265
3331	562	277
3332	562	356
3333	562	357
3334	562	383
3335	562	384
3336	562	399
3337	562	401
3338	563	383
3339	563	384
3340	564	293
3341	564	295
3342	564	425
3343	565	294
3344	565	399
3345	565	400
3346	565	425
3347	565	426
3348	565	433
3349	566	289
3350	566	293
3351	566	295
3352	566	355
3353	566	399
3354	566	400
3355	566	433
3356	566	434
3357	567	289
3358	567	290
3359	567	355
3360	567	359
3361	567	360
3362	568	305
3363	568	359
3364	568	360
3365	568	364
3366	568	366
3367	568	368
3368	568	370
3369	568	371
3370	568	372
3371	568	424
3372	569	305
3373	569	306
3374	569	367
3375	569	370
3376	569	372
3377	569	424
3378	569	425
3379	569	450
3380	570	310
3381	570	311
3382	570	366
3383	570	368
3384	570	370
3385	570	371
3386	570	372
3387	571	251
3388	571	277
3389	571	278
3390	571	310
3391	571	311
3392	571	314
3393	571	315
3394	571	379
3395	571	381
3396	571	432
3397	571	433
3398	572	251
3399	572	252
3400	572	262
3401	572	264
3402	572	277
3403	572	278
3404	572	310
3405	572	311
3406	572	314
3407	572	315
3408	572	327
3409	572	380
3410	572	383
3411	572	385
3412	572	432
3413	572	433
3414	573	263
3415	573	314
3416	573	315
3417	573	327
3418	573	379
3419	573	381
3420	573	384
3421	574	239
3422	574	262
3423	574	264
3424	574	290
3425	574	291
3426	574	335
3427	574	383
3428	574	385
3429	574	450
3430	575	239
3431	575	290
3432	575	291
3433	575	335
3434	575	336
3435	576	252
3436	576	253
3437	576	302
3438	576	343
3439	576	409
3440	576	411
3441	577	252
3442	577	253
3443	577	302
3444	577	303
3445	577	343
3446	577	344
3447	577	409
3448	577	410
3449	577	411
3450	578	289
3451	578	409
3452	578	411
3453	578	414
3454	579	289
3455	579	313
3456	579	315
3457	580	237
3458	580	313
3459	580	314
3460	580	315
3461	580	370
3462	580	378
3463	580	382
3464	580	384
3465	581	237
3466	581	238
3467	581	301
3468	581	313
3469	581	315
3470	581	327
3471	581	383
3472	581	430
3473	582	288
3474	582	301
3475	582	382
3476	582	384
3477	582	386
3478	582	388
3479	582	430
3480	582	431
3481	583	288
3482	583	289
3483	583	387
3484	584	251
3485	584	256
3486	584	257
3487	584	381
3488	584	383
3489	584	386
3490	584	388
3491	584	391
3492	584	443
3493	585	256
3494	585	257
3495	585	260
3496	585	324
3497	585	325
3498	585	382
3499	585	443
3500	585	444
3501	585	447
3502	585	448
3503	586	264
3504	586	265
3505	586	271
3506	586	273
3507	586	324
3508	586	325
3509	586	381
3510	586	383
3511	586	447
3512	586	448
3513	587	264
3514	587	265
3515	587	271
3516	587	272
3517	587	273
3518	588	233
3519	588	234
3520	588	273
3521	588	277
3522	588	282
3523	588	315
3524	589	233
3525	589	234
3526	589	277
3527	589	278
3528	589	282
3529	589	420
3530	591	288
3531	591	289
3532	591	377
3533	592	288
3534	592	289
3535	592	339
3536	592	377
3537	592	378
3538	592	436
3539	592	437
3540	593	339
3541	593	436
3542	593	437
3543	594	350
3544	594	352
3545	594	392
3546	594	444
3547	594	446
3548	595	321
3549	595	323
3550	595	350
3551	595	351
3552	595	352
3553	595	376
3554	595	378
3555	595	392
3556	595	393
3557	595	445
3558	596	322
3559	596	350
3560	596	352
3561	596	376
3562	596	377
3563	596	378
3564	596	444
3565	596	446
3566	597	231
3567	597	256
3568	597	257
3569	597	258
3570	597	321
3571	597	323
3572	597	376
3573	597	378
3574	597	391
3575	597	393
3576	598	256
3577	598	258
3578	598	392
3579	599	256
3580	599	257
3581	599	258
3582	599	376
3583	599	391
3584	599	393
3585	600	270
3586	600	271
3587	600	274
3588	600	356
3589	600	357
3590	600	358
3591	600	376
3592	600	426
3593	601	231
3594	601	232
3595	601	270
3596	601	271
3597	601	356
3598	601	357
3599	601	358
3600	601	389
3601	601	391
3602	602	231
3603	602	232
3604	602	278
3605	602	279
3606	602	356
3607	602	357
3608	602	358
3609	602	389
3610	602	390
3611	602	391
3612	602	442
3613	602	444
3614	603	231
3615	603	232
3616	603	278
3617	603	279
3618	603	389
3619	603	391
3620	603	442
3621	603	443
3622	603	444
3623	604	228
3624	604	245
3625	604	286
3626	604	287
3627	604	361
3628	604	364
3629	604	366
3630	604	400
3631	604	401
3632	604	425
3633	604	442
3634	604	444
3635	605	228
3636	605	245
3637	605	246
3638	605	286
3639	605	287
3640	605	295
3641	605	364
3642	605	365
3643	605	366
3644	605	400
3645	605	401
3646	605	425
3647	606	364
3648	606	366
3649	606	441
3650	606	442
3651	606	443
3652	607	258
3653	607	299
3654	607	415
3655	607	441
3656	607	443
3657	608	228
3658	608	258
3659	608	299
3660	608	300
3661	608	415
3662	608	416
3663	608	441
3664	608	442
3665	608	443
3666	609	228
3667	609	271
3668	609	373
3669	609	376
3670	609	378
3671	610	271
3672	610	376
3673	610	377
3674	610	378
3675	610	440
3676	610	442
3677	611	257
3678	611	258
3679	611	376
3680	611	378
3681	611	389
3682	611	391
3683	611	440
3684	611	441
3685	611	442
3686	612	257
3687	612	258
3688	612	284
3689	612	285
3690	612	390
3691	612	440
3692	612	442
3693	613	257
3694	613	258
3695	613	268
3696	613	284
3697	613	285
3698	613	346
3699	613	347
3700	613	389
3701	613	391
3702	614	268
3703	614	336
3704	614	337
3705	614	350
3706	614	351
3707	614	398
3708	614	402
3709	615	215
3710	615	228
3711	615	229
3712	615	230
3713	615	257
3714	615	336
3715	615	337
3716	615	350
3717	615	351
3718	615	354
3719	615	398
3720	615	402
3721	615	403
3722	615	440
3723	616	215
3724	616	216
3725	616	228
3726	616	229
3727	616	230
3728	616	283
3729	616	440
3730	616	441
3731	617	228
3732	617	229
3733	617	230
3734	618	295
3735	618	359
3736	618	363
3737	618	364
3738	619	363
3739	619	364
3740	619	379
3741	619	422
3742	620	244
3743	620	253
3744	620	254
3745	620	282
3746	620	283
3747	620	384
3748	620	422
3749	620	423
3750	621	249
3751	621	250
3752	621	253
3753	621	254
3754	621	282
3755	621	283
3756	621	331
3757	621	332
3758	622	249
3759	622	250
3760	622	331
3761	622	332
3762	622	440
3763	623	249
3764	623	250
3765	623	319
3766	623	320
3767	623	331
3768	623	332
3769	623	346
3770	623	348
3771	624	257
3772	624	319
3773	624	320
3774	624	346
3775	624	347
3776	624	348
3777	625	257
3778	625	258
3779	625	346
3780	625	348
3781	625	409
3782	626	264
3783	626	278
3784	626	409
3785	626	410
3786	626	413
3787	626	414
3788	626	420
3789	626	421
3790	627	278
3791	627	360
3792	627	361
3793	627	414
3794	627	420
3795	627	421
3796	627	423
3797	628	282
3798	628	283
3799	628	346
3800	628	360
3801	628	361
3802	628	369
3803	628	430
3804	628	431
3805	628	434
3806	628	436
3807	629	282
3808	629	283
3809	629	330
3810	629	331
3811	629	369
3812	629	430
3813	629	431
3814	629	435
3815	630	330
3816	630	331
3817	630	434
3818	630	436
3819	631	290
3820	631	291
3821	631	298
3822	631	299
3823	631	330
3824	631	331
3825	631	345
3826	631	347
3827	631	359
3828	631	360
3829	631	368
3830	631	370
3831	631	439
3832	631	440
3833	632	290
3834	632	291
3835	632	298
3836	632	299
3837	632	346
3838	632	360
3839	632	369
3840	632	439
3841	632	440
3842	633	345
3843	633	347
3844	633	368
3845	633	370
3846	633	439
3847	633	440
3848	634	383
3849	634	385
3850	635	331
3851	635	333
3852	635	360
3853	635	368
3854	635	369
3855	635	384
3856	635	411
3857	635	412
3858	636	332
3859	636	360
3860	636	383
3861	636	385
3862	636	411
3863	636	412
3864	636	419
3865	637	331
3866	637	333
3867	637	419
3868	638	367
3869	638	368
3870	639	382
3871	639	383
3872	639	384
3873	639	410
3874	639	411
3875	640	382
3876	640	384
3877	640	410
3878	640	411
3879	641	382
3880	641	383
3881	641	384
3882	641	393
3883	641	395
3884	641	436
3885	642	394
3886	642	418
3887	643	349
3888	643	393
3889	643	395
3890	644	349
3891	645	409
3892	645	416
3893	645	417
3894	645	418
3895	646	369
3896	646	371
3897	646	409
3898	646	416
3899	646	417
3900	646	418
3901	647	370
3902	647	416
3903	647	417
3904	647	418
3905	647	435
3906	648	369
3907	648	371
3908	648	375
3909	649	375
3910	651	391
3911	651	434
3912	652	391
3913	652	392
3914	652	395
3915	652	396
3916	653	395
3917	653	396
3918	654	401
3919	654	407
3920	654	408
3921	655	401
3922	655	407
3923	655	408
3924	655	416
3925	655	417
3926	656	407
3927	656	408
3928	656	416
3929	656	417
3930	355	58
3931	426	322
3932	439	415
3933	267	303
3934	321	18
3935	385	453
3936	462	514
3937	495	559
3938	561	277
3939	133	386
3940	494	409
3941	101	365
3942	116	317
3943	321	86
3944	406	517
3945	435	662
3946	439	606
3947	486	496
3948	222	249
3949	266	297
3950	299	350
3951	397	77
3952	433	395
3953	255	122
3954	257	120
3955	309	180
3956	382	144
3957	383	442
3958	419	588
3959	588	278
3960	620	239
3961	621	244
3962	355	71
3963	356	71
3964	418	73
3965	418	581
3966	95	369
3967	282	418
3968	395	62
3969	403	449
3970	414	62
3971	414	63
3972	432	395
3973	472	591
3974	588	271
3975	129	376
3976	273	577
3977	277	449
3978	320	314
3979	362	35
3980	403	487
3981	433	652
3982	438	717
3983	464	631
3984	304	314
3985	399	576
3986	408	333
